拧钉位置：
    姿态：
    [-0.7979557514190674, -0.022811556234955788, 0.4742854833602905, -1.5750925540924072, -0.0009706153068691492, 1.5704277753829956]
    六轴：
    [0.28685739636421204, -0.36128538846969604, -2.32477068901062, 2.681319236755371, 1.2831953763961792, -0.000993687892332673]

吸钉位置：
  上方：
    姿态：
    [-0.7778200507164001, 0.07701033353805542, 0.4388584494590759, -1.575067162513733, -0.0009727308060973883, 1.5704433917999268]
    六轴：
    [0.14299875497817993, -0.4017561078071594, -2.353245258331299, 2.7502286434173584, 1.4269940853118896, -0.0017247255891561508]

  下方：
    姿态：
    [-0.7778072953224182, 0.0770222544670105, 0.4360876977443695, -1.5751030445098877, -0.0009758686646819115, 1.5704331398010254]
    六轴：
    [0.14299875497817993, -0.40589067339897156, -2.3536527156829834, 2.7547707557678223, 1.4270061254501343, -0.0017367098480463028]

  安全高度：
    姿态：
    [-0.7778072953224182, 0.0770222544670105, 0.4742854833602905, -1.5751030445098877, -0.0009758686646819115, 1.5704331398010254]
    六轴：
    [0.14299875497817993, -0.40589067339897156, -2.3536527156829834, 2.7547707557678223, 1.4270061254501343, -0.0017367098480463028]















