拍照位置：

	当前姿态: 
		[0.6574935913085938, 1.1234687566757202, 0.41623711585998535, 3.1413567066192627, -0.0002582818269729614, 0.06934092938899994]
	当前六轴: 
		[0.9115228056907654, 0.5976395606994629, 1.5408779382705688, -0.5614805817604065, -1.5708342790603638, -0.7217084169387817]

拍照安全高度位置：
	当前姿态: 
		[0.6574935913085938, 1.1234687566757202, 0.8394834399223328, 3.141319990158081, -0.00022508660913445055, 0.06932102143764496]
	当前六轴: 
		[0.906836986541748, 0.42894959449768066, 1.2343454360961914, -0.08622220158576965, -1.570582628250122, -0.7268856167793274]

拍照收回姿态（可旋转）:
	当前姿态: 
		[0.0792575255036354, 0.500156044960022, 0.839511513710022, 3.141336441040039, -0.00023485528072342277, 0.06932101398706436]
	当前六轴: 
		[1.0751793384552002, -0.526780366897583, 2.139753580093384, -0.03582853823900223, -1.5701391696929932, -0.5586271286010742]

拧钉收回姿态（可旋转）：
	当前姿态: 
		[-0.1136971265077591, -0.4934713840484619, 0.8395147323608398, 3.1413629055023193, -0.00023751870321575552, -3.1415765285491943]
	当前六轴: 
		[4.147467136383057, -0.5267564058303833, 2.139753580093384, -0.03585250675678253, -1.5701152086257935, -0.5586271286010742]

取钉上方：
	当前姿态: 
		[-0.4054396450519562, -0.8993082046508789, 0.3994438350200653, -3.141578197479248, 8.45219983602874e-06, 3.1415657997131348]
	当前六轴: 
		[4.117183208465576, 0.31774798035621643, 2.023770332336426, -0.7644334435462952, -1.570522665977478, -0.5880483984947205]

取钉位置：
	当前姿态: 
		[-0.40543806552886963, -0.8993127942085266, 0.36624279618263245, -3.141566038131714, 4.22334005634184e-06, 3.1415865421295166]
	当前六轴: 
		[4.117183208465576, 0.3478044271469116, 2.0381991863250732, -0.8089668154716492, -1.570582628250122, -0.5880364179611206]

取钉安全高度：
	当前姿态: 
		[-0.4054396450519562, -0.8993082046508789, 0.8394834399223328, -3.141578197479248, 8.45219983602874e-06, 3.1415657997131348]
	当前六轴: 
		[4.117183208465576, 0.31774798035621643, 2.023770332336426, -0.7644334435462952, -1.570522665977478, -0.5880483984947205]

螺纹孔上方高度：
当前姿态: [0.6062987446784973, 0.7944929599761963, 0.4162514805793762, 3.141385555267334, -0.0002724541409406811, 0.06931596249341965]
当前六轴: [0.7495919466018677, 0.3152312934398651, 1.9981240034103394, -0.7363903522491455, -1.5708342790603638, -0.8834355473518372]

螺纹孔下降高度：
当前姿态: [0.6308174133300781, 0.7904244661331177, 0.354142427444458, 3.1413559913635254, -0.00024234446755144745, 0.06948979198932648]
当前六轴: [0.7298539280891418, 0.3807849884033203, 2.008514404296875, -0.8123224377632141, -1.5709421634674072, -0.9032934308052063]

批头-相机标定：
	相机中心：
		[0.6230851411819458, 1.087432622909546, 0.4162200391292572, 3.14136004447937, -0.00024128524819388986, 0.06930577754974365]
	批头中心：
		[0.6280561089515686, 0.791228711605072, 0.3402787744998932, 3.1413843631744385, -0.00028233040939085186, 0.06931102275848389]