吸顶位置:  
PosNow:  
[0.38000068068504333, 0.6290169358253479, 0.5470029711723328, 3.141519069671631, 2.395601313764928e-06, -9.446023614145815e-05]
Q_near: 
[0.7961986064910889, -0.07836660742759705, 2.245490312576294, -0.5900270342826843, -1.5702589750289917, -0.7675241231918335]
拍照位置:
PosNow:
[-0.24026332795619965, 0.8082727193832397, 0.8956308960914612, 3.1415843963623047, 5.934765340498416e-06, -1.4063895832805429e-05]
Q_near: 
[1.658871054649353, -0.10075313597917557, 1.7883281707763672, -0.11053819954395294, -1.569995403289795, 0.09452514350414276]


拧钉位置:
当前姿态: [-0.2891039252281189, 0.48807740211486816, 0.5946585536003113, -3.141591787338257, 1.3504492017091252e-05, 0.000611371360719204]
当前六轴: [1.8043595552444458, -0.34906628727912903, 2.3682327270507812, -0.4420817792415619, -1.5699714422225952, 0.23973798751831055]

圆心位置:
当前姿态: [-0.2708846926689148, 0.779239296913147, 0.895623505115509, 3.1415703296661377, 1.7278471204917878e-05, -6.5642902882245835e-06]
当前六轴: [1.699976921081543, -0.12239664793014526, 1.8072632551193237, -0.10781777650117874, -1.5699833631515503, 0.1356310397386551]