初始默认位置
    当前姿态: [-0.8928816318511963, -0.14681445062160492, 0.2584591805934906, -3.141585111618042, 4.035204619867727e-05, -2.2165772914886475]
    当前六轴: [3.117692232131958, 0.3941248059272766, 2.1879897117614746, -1.0102074146270752, 4.712048053741455, -2.5242996215820312]

吸天线位置
    上方：
        当前姿态: [-0.9145084619522095, 0.26888221502304077, -0.08269526064395905, 3.1415555477142334, 1.4653284779342357e-05, -2.216585397720337]
        当前六轴: [2.6782548427581787, 0.8538756370544434, 2.1059577465057373, -1.3878902196884155, 4.713150978088379, -2.963437557220459]
    下方：
        当前姿态: [-0.9144964218139648, 0.2688737213611603, -0.12896494567394257, 3.14158034324646, 9.70281325862743e-06, -2.2165963649749756]
        当前六轴: [2.6782426834106445, 0.9140124917030334, 2.0888922214508057, -1.4309616088867188, 4.713282585144043, -2.9633896350860596]
























