
过渡点:
    MoveJ
        吸钉正常位置
            当前姿态:  [-0.9915969967842102, -0.07178846001625061, 0.560700535774231, -3.14133358001709, 0.00012591338600032032, 1.5707948207855225]
            当前六轴:  [0.21218368411064148, 0.05437547340989113, -1.6194990873336792, -1.5762203931808472, -1.3589427471160889, -3.138319969177246]
        拧钉正常位置
            当前姿态:  [-0.07031814754009247, 0.9917040467262268, 0.560724675655365, -3.141310214996338, 0.00013094619498588145, -0.001475528464652598]
            当前六轴:  [-1.3601106405258179, 0.05438745766878128, -1.6194990873336792, -1.5762443542480469, -1.3589667081832886, -3.138319969177246]
        拧钉扭转过渡位置
            当前姿态:  [0.24383601546287537, 0.847603976726532, 0.5615622997283936, -3.139066457748413, 0.004121103789657354, -1.5493718385696411]
            当前六轴:  [-1.3601226806640625, 0.05438745766878128, -1.6194871664047241, -1.5762323141098022, 0.1889277994632721, -3.138308048248291]
        拧钉扭转位置
            当前姿态:  [0.09962490946054459, 0.5273926258087158, 0.5608445405960083, 3.1415650844573975, -2.1984840714139864e-05, -3.1415915489196777]
            当前六轴:  [-1.3679484128952026, 0.05201457813382149, -1.6170064210891724, -1.5779101848602295, 1.7733502388000488, -3.1450791358947754]
        第二个拍照位正常位置
            当前姿态:  [0.26636266708374023, 0.9825558066368103, 0.34458020329475403, -3.1411447525024414, 0.00017732891137711704, -0.0026692727115005255]
            当前六轴:  [-1.7983018159866333, -0.057149723172187805, -1.785528540611267, -1.2970118522644043, -1.795731782913208, -3.1377806663513184]
        第二个拍照位扭转位置
            当前姿态:  [0.43413352966308594, 0.517308235168457, 0.34469687938690186, 3.1415719985961914, 6.447920895880088e-06, 3.1415858268737793]
            当前六轴:  [-1.802412509918213, -0.060097843408584595, -1.7820771932601929, -1.2992888689041138, 1.3390898704528809, -3.144815444946289]

拧钉区域：
    下降高度：0.125
    第一颗钉：
        拍照位置：
            位姿：
            [0.13663356006145477, 0.9747881293296814, 0.34453698992729187, -3.1411917209625244, 0.00015040839207358658, -0.0027639823965728283]
            六轴：
            [-1.6352444887161255, 0.004365301690995693, -1.8489611148834229, -1.2956936359405518, -1.6325784921646118, -3.1381161212921143]
    第二颗钉：
        拍照位置：
            位姿：
            [0.2663731276988983, 0.982558012008667, 0.3445827066898346, -3.1411333084106445, 0.00017464248230680823, -0.0026692578103393316]
            六轴：
            [-1.7979663610458374, -0.05734147131443024, -1.7853128910064697, -1.2970118522644043, -1.7954081296920776, -3.1377925872802734]


    第三颗钉：
        拍照位置：
            位姿：
            [0.2613394558429718, 0.991369366645813, 0.3445833623409271, 3.141557455062866, 6.769683386664838e-05, 3.1413822174072266]
            六轴：
            [-1.5779958963394165, -0.5303828120231628, -1.1578668355941772, -1.4539333581924438, 1.5635902881622314, -3.1449592113494873]

    第四颗钉：
        拍照位置：
            位姿：
            [0.1479903608560562, 0.950756311416626, 0.3444559724330902, 3.141585350036621, -2.805951169193577e-07, 3.1415867805480957]
            六轴：
            [-1.4821220636367798, -0.4714803397655487, -1.2769780158996582, -1.39407217502594, 1.6593202352523804, -3.1450910568237305]





















