相机中心位置:
    [-1.077857971249192, -0.10675824505272122, 0.06217294687822528]

电批中心位置:
    [-0.9105959840650688, -0.1055731141759908, 0.06127552423515914]

两者差值:
    [0.1672619871841232, 0.00118513087673]

拧钉拍照位置:
    位姿:
    [-1.0756033658981323, -0.1040751114487648, 0.06219949200749397, -3.1413872241973877, 9.985838551074266e-05, 1.5708328485488892]
    六轴:
    [0.2291293740272522, -0.22558800876140594, -1.989296317100525, -0.9265435338020325, -1.3415416479110718, -3.1383919715881348]

吸钉拍照位置:
    位姿:
    [-1.033828854560852, 0.019116833806037903, 0.062176916748285294, -3.1414084434509277, 0.00011105268640676513, 1.5708006620407104]
    六轴:
    [0.08642122894525528, -0.18896421790122986, -2.0365021228790283, -0.9155300259590149, -1.484237790107727, -3.1383559703826904]

吸钉深度(z轴增量):
    1: 0.0365
    2: 0.0035

初始位置:
    位姿:
    [-0.9916632175445557, -0.07183022052049637, 0.1606786847114563, -3.141380786895752, 0.00010996363562298939, 1.5708098411560059]










