拧钉区域：
    参考六轴：
        [2.2653207778930664, 0.7222155928611755, 2.1488735675811768, 0.25711384415626526, 2.2669219970703125, -0.013344867154955864]
    
    安全位置：
        [-0.17, 0.6195773482322693, 3.354552973178215e-05, 1.5707614421844482, -2.8890166504424997e-05, -3.1415791511535645]
    减速位置：
        [-0.7744351029396057, 0.6195857524871826, 3.364891017554328e-05, 1.5707625150680542, -3.788686444750056e-05, 3.1415858268737793]
    拧钉位置：
        [-0.8056106567382812, 0.6195728778839111, -7.832080882508308e-06, 1.5707844495773315, -3.4144502478739014e-06, -3.1415765285491943]

轴动区域：
    拧钉方向：
        电批Z轴朝舱段轴线：
            [1.5743942260742188, -0.31151971220970154, 2.08732271194458, 1.359482765197754, 1.5750846862792969, -0.004919957369565964]
        电批Z轴朝下：
            [1.574358344078064, -0.3114837408065796, 2.0872867107391357, 1.3595067262649536, 1.5751086473464966, -1.577489972114563]
    取钉方向：
        电批Z轴朝下：
            [-1.621438980102539, -0.31352105736732483, 2.0886168479919434, 1.3604774475097656, 1.5208920240402222, -1.5771543979644775]

    
吸钉区域：
    参考六轴：
        [-1.5980817079544067, 0.19613206386566162, 1.6127952337265015, 1.326526165008545, 1.5443332195281982, -1.5775498151779175]
    安全位置：
        [0.14271675050258636, -1.0591011047363281, 0.7753543853759766, -1.5495918989181519, 1.5690542459487915, -3.1204283237457275]
    减速位置：
        [0.14286299049854279, -1.059078335762024, 0.34304338693618774, -1.5442737340927124, 1.5690401792526245, -3.114966869354248]
    吸钉位置：
        [0.14272606372833252, -1.059097170829773, 0.2992849051952362, -1.563743233680725, 1.5690550804138184, -3.134556531906128]