惯导远端：
    参考六轴:
        [2.146916627883911, 1.3102575540542603, 1.3384523391723633, 3.6305532455444336, 0.9935262203216553, -0.0024991438258439302]
    姿态-1: 
        [-0.8056111931800842, 0.8105335831642151, -0.0985143855214119, -1.570839762687683, 3.939156886190176e-05, -3.1415822505950928]

    姿态-1减速高度:
        [-0.6970385909080505, 0.8105044364929199, -0.0985184982419014, -1.570833683013916, 5.0215832743560895e-05, -3.1415481567382812]
    姿态-1减速高度六轴:
        [2.0681324005126953, 1.2756470441818237, 1.4584623575210571, 3.5448901653289795, 1.0722864866256714, -0.002750812564045191]

    姿态-1回正过度点-1：
        姿态：
        [-0.6970576643943787, 0.810506284236908, -0.09846272319555283, 3.141505479812622, 3.300239040981978e-05, 3.1415908336639404]
        六轴：
        [2.12272047996521, 1.0402889251708984, 1.5167057514190674, 2.149075508117676, 1.571045994758606, 0.5473251342773438]
    
    姿态-1回正位置:
        姿态：
        [-0.6969423890113831, 0.8105473518371582, -0.09850137680768967, 1.5707297325134277, 2.057781966868788e-05, 3.1414554119110107]
        六轴：
        [2.187818765640259, 0.9087740182876587, 1.8772391080856323, 0.3433763086795807, 2.189419984817505, -0.01212247647345066]


