取钉位置：
    参考六轴:
        [-1.6864653825759888, 0.32770687341690063, 2.014782190322876, 0.7951695919036865, 1.4564528465270996, -1.575836181640625]
    第一颗钉:
        吸钉位置:
            [0.08444300293922424, -0.9816458821296692, 0.3211221694946289, 3.134021759033203, 1.5690670013427734, 1.5631933212280273]
        减速高度:
            [0.08444300293922424, -0.9816458821296692, 0.3653124272823334, 3.134021759033203, 1.5690670013427734, 1.5631933212280273]
        吸稳高度:
            [0.08444300293922424, -0.9816458821296692, 0.31965842843055725, 3.134021759033203, 1.5690670013427734, 1.5631933212280273]
    第二颗钉:
        吸钉位置:
            [0.03456265479326248, -0.9816403388977051, 0.3211221694946289, 3.134039878845215, 1.5690678358078003, 1.5632350444793701]
        减速高度:
            [0.03456265479326248, -0.9816403388977051, 0.3653124272823334, 3.134039878845215, 1.5690678358078003, 1.5632350444793701]
        吸稳高度:
            [0.03456265479326248, -0.9816403388977051, 0.31965842843055725, 3.134039878845215, 1.5690678358078003, 1.5632350444793701]
    第三颗钉:
        吸钉位置:
            [0.03533635661005974, -0.9308379292488098, 0.3211221694946289, 3.133913516998291, 1.5691132545471191, 1.563124418258667]
        减速高度:
            [0.03533635661005974, -0.9308379292488098, 0.3653124272823334, 3.133913516998291, 1.5691132545471191, 1.563124418258667]
        吸稳高度:
            [0.03533635661005974, -0.9308379292488098, 0.31965842843055725, 3.133913516998291, 1.5691132545471191, 1.563124418258667]
    第四颗钉:
        吸钉位置:
            [0.08566054701805115, -0.9311874508857727, 0.3211221694946289, 3.1291863918304443, 1.5690675973892212, 1.558384895324707]
        减速高度:
            [0.08566054701805115, -0.9311874508857727, 0.3653124272823334, 3.1291863918304443, 1.5690675973892212, 1.558384895324707]
        吸稳高度:
            [0.08566054701805115, -0.9311874508857727, 0.31965842843055725, 3.1291863918304443, 1.5690675973892212, 1.558384895324707]

    预计吸稳高度：
        0.31965842843055725
    
    取出安全高度：
        0.3653124272823334

    吸钉退出位置:
        [0.055,-0.955,0.3653124272823334,3.134021759033203, 1.5690670013427734, 1.5631933212280273]

    吸钉检测过渡位置:
        [0.055,-0.7258163094520569,0.3653124272823334,3.134021759033203, 1.5690670013427734, 1.5631933212280273]

    吸钉检测位置:
        [0.28018778562545776, -0.7258163094520569, 0.3547946810722351, 3.132913589477539, 1.5690628290176392, 1.5620795488357544]
    吸钉检测退出位置:
        [0.055, -0.7258163094520569, 0.4047946810722351, 3.132913589477539, 1.5690628290176392, 1.5620795488357544]

    吸钉就绪位置:
        [0.055,-0.955,0.8128352165222168,3.134021759033203, 1.5690670013427734, 1.5631933212280273]

拧钉方向第一轴可动位置:
    当前姿态: 
        [-0.16429050266742706, 0.4578847289085388, 0.8128461837768555, 3.137009620666504, 1.5690369606018066, -1.57540762424469]
    当前六轴: 
        [1.5593180656433105, -0.5359961986541748, 2.1596834659576416, 1.5134440660476685, 1.559828758239746, -1.575560450553894]

拧钉方向电批Z轴对准惯导位置:
    当前姿态: 
        [-0.164286807179451, 0.45788314938545227, 0.8128416538238525, 1.5708060264587402, -1.2604725270648487e-05, 3.141566038131714]
    当前六轴: 
        [1.5592941045761108, -0.5362958312034607, 2.160090923309326, 1.5115985870361328, 1.559828758239746, -0.004740193951874971]

电批Z轴对转惯导几何中心位置:
    当前姿态: 
        [-0.16429373621940613, 0.4912075102329254, 0.07087494432926178, 1.570792555809021, -6.317956149359816e-07, -3.141592025756836]
    当前六轴: 
        [1.5593061447143555, 0.5373109579086304, 2.7048099040985107, -0.10672721266746521, 1.5609313249588013, -0.006537827663123608]

拧钉左侧就绪位置:
    当前姿态: 
        [-0.16429604589939117, 0.33377784490585327, 0.03015068918466568, 1.5707684755325317, 1.137180151999928e-05, -3.141587972640991]
    当前六轴: 
        [1.5505576133728027, 0.8574095964431763, 2.8965694904327393, -0.6185015439987183, 1.5518832206726074, -0.007149023003876209]


拧钉孔位:
    左上角第一个孔:
        入孔姿态:
        [-0.6397485733032227, 0.3337847888469696, 0.09016480296850204, 1.5707998275756836, -5.1200686357333325e-06, 3.1415693759918213]
        减速位置:
        [-0.6097485733032227, 0.3337692320346832, 0.09015525877475739, 1.5708067417144775, 2.227753611805383e-05, 3.141575336456299]
    左下角第二个孔:
        入孔姿态:
        [-0.6397485733032227, 0.3330232799053192, -0.032647453248500824, 1.5713677406311035, 0.0009110721875913441, 3.1414732933044434]
        减速位置:
        [-0.6097485733032227, 0.3330232799053192, -0.032647453248500824, 1.5713677406311035, 0.0009110721875913441, 3.1414732933044434]
    右下角第三个孔:
        入孔姿态:
        [-0.6397485733032227, 0.9588111639022827, -0.01189726684242487, -1.5702458620071411, 0.0009518721490167081, -3.141524076461792]
        减速位置:
        [-0.6097485733032227, 0.9588111639022827, -0.01189726684242487, -1.5702458620071411, 0.0009518721490167081, -3.141524076461792]
    右上角第四个孔:
        入孔姿态:
        [-0.6397485733032227, 0.9588069915771484, 0.11019549518823624, -1.5702608823776245, 0.0009298138902522624, -3.1414954662323]
        减速位置:
        [-0.6097485733032227, 0.9588069915771484, 0.11019549518823624, -1.5702608823776245, 0.0009298138902522624, -3.1414954662323]


正常姿态下可以进行拧转的位置:
    当前姿态: 
        [-0.16424693167209625, 0.9588245749473572, 0.050218433141708374, 1.5707995891571045, 0.0009492189856246114, 3.141490936279297]
    当前六轴: 
        [1.565573811531067, 0.6790363788604736, 2.088568925857544, 0.36772826313972473, 1.5671511888504028, -0.007041165139526129]

拧转过渡点位
    当前姿态: 
        [-0.16425147652626038, 0.9588478803634644, 0.05021889507770538, 3.1415793895721436, 0.0009572505950927734, 3.1414880752563477]
    当前六轴: 
        [1.5664726495742798, 0.8373240232467651, 1.708021879196167, 2.160759925842285, 1.571860909461975, -0.008766893297433853]

扭转姿态下可以进行拧转的位置:
    当前姿态: 
        [-0.16427645087242126, 0.9588826298713684, 0.05017045885324478, -1.5700844526290894, 0.001079818233847618, 3.1415560245513916]
    当前六轴: 
        [1.566604495048523, 1.0876384973526, 1.6594018936157227, 3.530604839324951, 1.5735867023468018, -0.004416619893163443]

取钉方向第一轴可轴动位置:
    当前姿态: 
        [0.06975271552801132, -0.48145827651023865, 0.8128352165222168, 3.1363139152526855, 1.569033145904541, 1.5655303001403809]
    当前六轴: 
        [-1.8543643951416016, -0.5473452806472778, 2.1644771099090576, 1.5211260318756104, 1.287714958190918, -1.5744819641113281]


吸钉检测位置:
    当前姿态: 
        [0.28018778562545776, -0.7258163094520569, 0.3547946810722351, 3.132913589477539, 1.5690628290176392, 1.5620795488357544]
    当前六轴: 
        [-1.392720103263855, 0.17122884094715118, 2.2861528396606445, 0.6785750985145569, 1.7503299713134766, -1.577262282371521]










