取钉位置:
    第一颗:
        [0.08552581816911697, -0.9865832924842834, 0.32423397221565247, 3.0731868743896484, 1.5638149976730347, 1.502327799797058]
    第二颗:
        [0.03579577058553696, -0.9849782586097717, 0.3242028088092804, 3.075232744216919, 1.5638421773910522, 1.5044243335723877]
    第三颗:
        [0.037906792014837265, -0.9349860548973083, 0.32420525937080383, 3.075066089630127, 1.563859462738037, 1.504248857498169]
    第四颗:
        [0.08774872869253159, -0.9370216131210327, 0.3242088522052765, 3.0742757320404053, 1.5638936758041382, 1.5034552812576294]

拧钉孔位减速位置:
    左上角第一个孔:
        [-0.5797485733032227, 0.3337847888469696, 0.09016480296850204, 1.5707998275756836, -5.1200686357333325e-06, 3.1415693759918213]
    左下角第二个孔:
        入孔姿态:
        [-0.5797485733032227, 0.3330232799053192, -0.032647453248500824, 1.5713677406311035, 0.0009110721875913441, 3.1414732933044434]
    右下角第三个孔:
        入孔姿态:
        [-0.5797485733032227, 0.9588111639022827, -0.01189726684242487, -1.5702458620071411, 0.0009518721490167081, -3.141524076461792]
    右上角第四个孔:
        入孔姿态:
        [-0.5797485733032227, 0.9588069915771484, 0.11019549518823624, -1.5702608823776245, 0.0009298138902522624, -3.1414954662323]
